import bpy
import math

#Set the viewing scene for the displacement export
bpy.data.scenes['Scene'].render.engine = 'CYCLES'
bpy.data.scenes['Scene'].cycles.feature_set = 'EXPERIMENTAL'

bpy.ops.object.select_all(action='DESELECT')
bpy.data.objects['Cube'].select_set(True)
bpy.ops.object.delete()

#function for construction of the bacterial body
def point_cloud(ob_name, coords, edges=[], faces=[]):
    me = bpy.data.meshes.new(ob_name + 'Mesh')
    ob = bpy.data.objects.new(ob_name, me)
    me.from_pydata(coords, edges, faces)
    ob.show_name = True
    me.update()
    return ob

#Create the collection of points, lines and planes
pc = point_cloud('prokaryote_body', [(0.000000, 0.001000, 0.000000), (-0.000000, 0.000951, 0.000155), (-0.000000, 0.000809, 0.000294), (-0.000000, 0.000588, 0.000405), (-0.000000, 0.000309, 0.000476), (-0.000000, 0.000000, 0.000500), (-0.000000, -0.000309, 0.000476), (-0.000000, -0.000588, 0.000405), (-0.000000, -0.000809, 0.000294), (-0.000000, -0.000951, 0.000155), (-0.000000, -0.001000, 0.000000), (0.000000, -0.000951, -0.000155), (0.000000, -0.000809, -0.000294), (0.000000, -0.000588, -0.000405), (0.000000, -0.000309, -0.000476), (0.000000, -0.000000, -0.000500), (0.000000, 0.000309, -0.000476), (0.000000, 0.000588, -0.000405), (0.000000, 0.000809, -0.000294), (0.000000, 0.000951, -0.000155), (0.100000, 0.435890, 0.000000), (0.100000, 0.414556, 0.067349), (0.100000, 0.352642, 0.128105), (0.100000, 0.256210, 0.176321), (0.100000, 0.134697, 0.207278), (0.100000, 0.000000, 0.217945), (0.100000, -0.134697, 0.207278), (0.100000, -0.256210, 0.176321), (0.100000, -0.352642, 0.128105), (0.100000, -0.414556, 0.067349), (0.100000, -0.435890, 0.000000), (0.100000, -0.414556, -0.067349), (0.100000, -0.352642, -0.128105), (0.100000, -0.256210, -0.176321), (0.100000, -0.134697, -0.207278), (0.100000, -0.000000, -0.217945), (0.100000, 0.134697, -0.207278), (0.100000, 0.256210, -0.176321), (0.100000, 0.352642, -0.128105), (0.100000, 0.414556, -0.067349), (0.200000, 0.600000, 0.000000), (0.200000, 0.570634, 0.092705), (0.200000, 0.485410, 0.176336), (0.200000, 0.352671, 0.242705), (0.200000, 0.185410, 0.285317), (0.200000, 0.000000, 0.300000), (0.200000, -0.185410, 0.285317), (0.200000, -0.352671, 0.242705), (0.200000, -0.485410, 0.176336), (0.200000, -0.570634, 0.092705), (0.200000, -0.600000, 0.000000), (0.200000, -0.570634, -0.092705), (0.200000, -0.485410, -0.176336), (0.200000, -0.352671, -0.242705), (0.200000, -0.185410, -0.285317), (0.200000, -0.000000, -0.300000), (0.200000, 0.185410, -0.285317), (0.200000, 0.352671, -0.242705), (0.200000, 0.485410, -0.176336), (0.200000, 0.570634, -0.092705), (0.300000, 0.714143, 0.000000), (0.300000, 0.679190, 0.110341), (0.300000, 0.577754, 0.209881), (0.300000, 0.419763, 0.288877), (0.300000, 0.220682, 0.339595), (0.300000, 0.000000, 0.357071), (0.300000, -0.220682, 0.339595), (0.300000, -0.419763, 0.288877), (0.300000, -0.577754, 0.209881), (0.300000, -0.679190, 0.110341), (0.300000, -0.714143, 0.000000), (0.300000, -0.679190, -0.110341), (0.300000, -0.577754, -0.209881), (0.300000, -0.419763, -0.288877), (0.300000, -0.220682, -0.339595), (0.300000, -0.000000, -0.357071), (0.300000, 0.220682, -0.339595), (0.300000, 0.419763, -0.288877), (0.300000, 0.577754, -0.209881), (0.300000, 0.679190, -0.110341), (0.400000, 0.800000, 0.000000), (0.400000, 0.760845, 0.123607), (0.400000, 0.647214, 0.235114), (0.400000, 0.470228, 0.323607), (0.400000, 0.247214, 0.380423), (0.400000, 0.000000, 0.400000), (0.400000, -0.247214, 0.380423), (0.400000, -0.470228, 0.323607), (0.400000, -0.647214, 0.235114), (0.400000, -0.760845, 0.123607), (0.400000, -0.800000, 0.000000), (0.400000, -0.760845, -0.123607), (0.400000, -0.647214, -0.235114), (0.400000, -0.470228, -0.323607), (0.400000, -0.247214, -0.380423), (0.400000, -0.000000, -0.400000), (0.400000, 0.247214, -0.380423), (0.400000, 0.470228, -0.323607), (0.400000, 0.647214, -0.235114), (0.400000, 0.760845, -0.123607), (0.500000, 0.866025, 0.000000), (0.500000, 0.823639, 0.133808), (0.500000, 0.700629, 0.254518), (0.500000, 0.509037, 0.350315), (0.500000, 0.267617, 0.411820), (0.500000, 0.000000, 0.433013), (0.500000, -0.267617, 0.411820), (0.500000, -0.509037, 0.350315), (0.500000, -0.700629, 0.254518), (0.500000, -0.823639, 0.133808), (0.500000, -0.866025, 0.000000), (0.500000, -0.823639, -0.133808), (0.500000, -0.700629, -0.254518), (0.500000, -0.509037, -0.350315), (0.500000, -0.267617, -0.411820), (0.500000, -0.000000, -0.433013), (0.500000, 0.267617, -0.411820), (0.500000, 0.509037, -0.350315), (0.500000, 0.700629, -0.254518), (0.500000, 0.823639, -0.133808), (0.600000, 0.916515, 0.000000), (0.600000, 0.871658, 0.141609), (0.600000, 0.741476, 0.269357), (0.600000, 0.538714, 0.370738), (0.600000, 0.283219, 0.435829), (0.600000, 0.000000, 0.458258), (0.600000, -0.283219, 0.435829), (0.600000, -0.538714, 0.370738), (0.600000, -0.741476, 0.269357), (0.600000, -0.871658, 0.141609), (0.600000, -0.916515, 0.000000), (0.600000, -0.871658, -0.141609), (0.600000, -0.741476, -0.269357), (0.600000, -0.538714, -0.370738), (0.600000, -0.283219, -0.435829), (0.600000, -0.000000, -0.458258), (0.600000, 0.283219, -0.435829), (0.600000, 0.538714, -0.370738), (0.600000, 0.741476, -0.269357), (0.600000, 0.871658, -0.141609), (0.700000, 0.953939, 0.000000), (0.700000, 0.907250, 0.147392), (0.700000, 0.771753, 0.280356), (0.700000, 0.560711, 0.385877), (0.700000, 0.294783, 0.453625), (0.700000, 0.000000, 0.476970), (0.700000, -0.294783, 0.453625), (0.700000, -0.560711, 0.385877), (0.700000, -0.771753, 0.280356), (0.700000, -0.907250, 0.147392), (0.700000, -0.953939, 0.000000), (0.700000, -0.907250, -0.147392), (0.700000, -0.771753, -0.280356), (0.700000, -0.560711, -0.385877), (0.700000, -0.294783, -0.453625), (0.700000, -0.000000, -0.476970), (0.700000, 0.294783, -0.453625), (0.700000, 0.560711, -0.385877), (0.700000, 0.771753, -0.280356), (0.700000, 0.907250, -0.147392), (0.800000, 0.979796, 0.000000), (0.800000, 0.931841, 0.151387), (0.800000, 0.792672, 0.287955), (0.800000, 0.575910, 0.396336), (0.800000, 0.302774, 0.465921), (0.800000, 0.000000, 0.489898), (0.800000, -0.302774, 0.465921), (0.800000, -0.575910, 0.396336), (0.800000, -0.792672, 0.287955), (0.800000, -0.931841, 0.151387), (0.800000, -0.979796, 0.000000), (0.800000, -0.931841, -0.151387), (0.800000, -0.792672, -0.287955), (0.800000, -0.575910, -0.396336), (0.800000, -0.302774, -0.465921), (0.800000, -0.000000, -0.489898), (0.800000, 0.302774, -0.465921), (0.800000, 0.575910, -0.396336), (0.800000, 0.792672, -0.287955), (0.800000, 0.931841, -0.151387), (0.900000, 0.994987, 0.000000), (0.900000, 0.946289, 0.153734), (0.900000, 0.804962, 0.292419), (0.900000, 0.584839, 0.402481), (0.900000, 0.307468, 0.473145), (0.900000, 0.000000, 0.497494), (0.900000, -0.307468, 0.473145), (0.900000, -0.584839, 0.402481), (0.900000, -0.804962, 0.292419), (0.900000, -0.946289, 0.153734), (0.900000, -0.994987, 0.000000), (0.900000, -0.946289, -0.153734), (0.900000, -0.804962, -0.292419), (0.900000, -0.584839, -0.402481), (0.900000, -0.307468, -0.473145), (0.900000, -0.000000, -0.497494), (0.900000, 0.307468, -0.473145), (0.900000, 0.584839, -0.402481), (0.900000, 0.804962, -0.292419), (0.900000, 0.946289, -0.153734), (1.000000, 1.000000, 0.000000), (1.000000, 0.951057, 0.154508), (1.000000, 0.809017, 0.293893), (1.000000, 0.587785, 0.404508), (1.000000, 0.309017, 0.475528), (1.000000, 0.000000, 0.500000), (1.000000, -0.309017, 0.475528), (1.000000, -0.587785, 0.404508), (1.000000, -0.809017, 0.293893), (1.000000, -0.951057, 0.154508), (1.000000, -1.000000, 0.000000), (1.000000, -0.951057, -0.154508), (1.000000, -0.809017, -0.293893), (1.000000, -0.587785, -0.404508), (1.000000, -0.309017, -0.475528), (1.000000, -0.000000, -0.500000), (1.000000, 0.309017, -0.475528), (1.000000, 0.587785, -0.404508), (1.000000, 0.809017, -0.293893), (1.000000, 0.951057, -0.154508), (1.000000, 1.000000, -0.000000), (1.000000, 0.951057, 0.154508), (1.000000, 0.809017, 0.293893), (1.000000, 0.587785, 0.404508), (1.000000, 0.309017, 0.475528), (1.000000, 0.000000, 0.500000), (1.000000, -0.309017, 0.475528), (1.000000, -0.587785, 0.404508), (1.000000, -0.809017, 0.293893), (1.000000, -0.951057, 0.154508), (1.000000, -1.000000, 0.000000), (1.000000, -0.951057, -0.154508), (1.000000, -0.809017, -0.293893), (1.000000, -0.587785, -0.404508), (1.000000, -0.309017, -0.475528), (1.000000, -0.000000, -0.500000), (1.000000, 0.309017, -0.475528), (1.000000, 0.587785, -0.404508), (1.000000, 0.809017, -0.293893), (1.000000, 0.951057, -0.154508), (1.100000, 1.000000, -0.000000), (1.100000, 0.951057, 0.154508), (1.100000, 0.809017, 0.293893), (1.100000, 0.587785, 0.404508), (1.100000, 0.309017, 0.475528), (1.100000, 0.000000, 0.500000), (1.100000, -0.309017, 0.475528), (1.100000, -0.587785, 0.404508), (1.100000, -0.809017, 0.293893), (1.100000, -0.951057, 0.154508), (1.100000, -1.000000, 0.000000), (1.100000, -0.951057, -0.154508), (1.100000, -0.809017, -0.293893), (1.100000, -0.587785, -0.404508), (1.100000, -0.309017, -0.475528), (1.100000, -0.000000, -0.500000), (1.100000, 0.309017, -0.475528), (1.100000, 0.587785, -0.404508), (1.100000, 0.809017, -0.293893), (1.100000, 0.951057, -0.154508), (1.200000, 1.000000, -0.000000), (1.200000, 0.951057, 0.154508), (1.200000, 0.809017, 0.293893), (1.200000, 0.587785, 0.404508), (1.200000, 0.309017, 0.475528), (1.200000, 0.000000, 0.500000), (1.200000, -0.309017, 0.475528), (1.200000, -0.587785, 0.404508), (1.200000, -0.809017, 0.293893), (1.200000, -0.951057, 0.154508), (1.200000, -1.000000, 0.000000), (1.200000, -0.951057, -0.154508), (1.200000, -0.809017, -0.293893), (1.200000, -0.587785, -0.404508), (1.200000, -0.309017, -0.475528), (1.200000, -0.000000, -0.500000), (1.200000, 0.309017, -0.475528), (1.200000, 0.587785, -0.404508), (1.200000, 0.809017, -0.293893), (1.200000, 0.951057, -0.154508), (1.300000, 1.000000, -0.000000), (1.300000, 0.951057, 0.154508), (1.300000, 0.809017, 0.293893), (1.300000, 0.587785, 0.404508), (1.300000, 0.309017, 0.475528), (1.300000, 0.000000, 0.500000), (1.300000, -0.309017, 0.475528), (1.300000, -0.587785, 0.404508), (1.300000, -0.809017, 0.293893), (1.300000, -0.951057, 0.154508), (1.300000, -1.000000, -0.000000), (1.300000, -0.951057, -0.154508), (1.300000, -0.809017, -0.293893), (1.300000, -0.587785, -0.404508), (1.300000, -0.309017, -0.475528), (1.300000, -0.000000, -0.500000), (1.300000, 0.309017, -0.475528), (1.300000, 0.587785, -0.404508), (1.300000, 0.809017, -0.293893), (1.300000, 0.951057, -0.154508), (1.400000, 1.000000, -0.000000), (1.400000, 0.951057, 0.154508), (1.400000, 0.809017, 0.293893), (1.400000, 0.587785, 0.404508), (1.400000, 0.309017, 0.475528), (1.400000, -0.000000, 0.500000), (1.400000, -0.309017, 0.475528), (1.400000, -0.587785, 0.404508), (1.400000, -0.809017, 0.293893), (1.400000, -0.951057, 0.154508), (1.400000, -1.000000, -0.000000), (1.400000, -0.951057, -0.154508), (1.400000, -0.809017, -0.293893), (1.400000, -0.587785, -0.404508), (1.400000, -0.309017, -0.475528), (1.400000, -0.000000, -0.500000), (1.400000, 0.309017, -0.475528), (1.400000, 0.587785, -0.404508), (1.400000, 0.809017, -0.293893), (1.400000, 0.951057, -0.154508), (1.500000, 1.000000, -0.000000), (1.500000, 0.951057, 0.154508), (1.500000, 0.809017, 0.293893), (1.500000, 0.587785, 0.404508), (1.500000, 0.309017, 0.475528), (1.500000, -0.000000, 0.500000), (1.500000, -0.309017, 0.475528), (1.500000, -0.587785, 0.404508), (1.500000, -0.809017, 0.293893), (1.500000, -0.951057, 0.154508), (1.500000, -1.000000, -0.000000), (1.500000, -0.951057, -0.154508), (1.500000, -0.809017, -0.293893), (1.500000, -0.587785, -0.404508), (1.500000, -0.309017, -0.475528), (1.500000, -0.000000, -0.500000), (1.500000, 0.309017, -0.475528), (1.500000, 0.587785, -0.404508), (1.500000, 0.809017, -0.293893), (1.500000, 0.951057, -0.154508), (1.600000, 1.000000, -0.000000), (1.600000, 0.951057, 0.154508), (1.600000, 0.809017, 0.293893), (1.600000, 0.587785, 0.404508), (1.600000, 0.309017, 0.475528), (1.600000, -0.000000, 0.500000), (1.600000, -0.309017, 0.475528), (1.600000, -0.587785, 0.404508), (1.600000, -0.809017, 0.293893), (1.600000, -0.951057, 0.154508), (1.600000, -1.000000, -0.000000), (1.600000, -0.951057, -0.154508), (1.600000, -0.809017, -0.293893), (1.600000, -0.587785, -0.404508), (1.600000, -0.309017, -0.475528), (1.600000, -0.000000, -0.500000), (1.600000, 0.309017, -0.475528), (1.600000, 0.587785, -0.404508), (1.600000, 0.809017, -0.293893), (1.600000, 0.951057, -0.154508), (1.700000, 1.000000, -0.000000), (1.700000, 0.951057, 0.154508), (1.700000, 0.809017, 0.293893), (1.700000, 0.587785, 0.404508), (1.700000, 0.309017, 0.475528), (1.700000, -0.000000, 0.500000), (1.700000, -0.309017, 0.475528), (1.700000, -0.587785, 0.404508), (1.700000, -0.809017, 0.293893), (1.700000, -0.951057, 0.154508), (1.700000, -1.000000, -0.000000), (1.700000, -0.951057, -0.154508), (1.700000, -0.809017, -0.293893), (1.700000, -0.587785, -0.404508), (1.700000, -0.309017, -0.475528), (1.700000, -0.000000, -0.500000), (1.700000, 0.309017, -0.475528), (1.700000, 0.587785, -0.404508), (1.700000, 0.809017, -0.293893), (1.700000, 0.951057, -0.154508), (1.800000, 1.000000, -0.000000), (1.800000, 0.951057, 0.154508), (1.800000, 0.809017, 0.293893), (1.800000, 0.587785, 0.404508), (1.800000, 0.309017, 0.475528), (1.800000, -0.000000, 0.500000), (1.800000, -0.309017, 0.475528), (1.800000, -0.587785, 0.404508), (1.800000, -0.809017, 0.293893), (1.800000, -0.951057, 0.154508), (1.800000, -1.000000, -0.000000), (1.800000, -0.951057, -0.154508), (1.800000, -0.809017, -0.293893), (1.800000, -0.587785, -0.404508), (1.800000, -0.309017, -0.475528), (1.800000, -0.000000, -0.500000), (1.800000, 0.309017, -0.475528), (1.800000, 0.587785, -0.404508), (1.800000, 0.809017, -0.293893), (1.800000, 0.951057, -0.154508), (1.900000, 1.000000, -0.000000), (1.900000, 0.951057, 0.154508), (1.900000, 0.809017, 0.293893), (1.900000, 0.587785, 0.404508), (1.900000, 0.309017, 0.475528), (1.900000, -0.000000, 0.500000), (1.900000, -0.309017, 0.475528), (1.900000, -0.587785, 0.404508), (1.900000, -0.809017, 0.293893), (1.900000, -0.951057, 0.154508), (1.900000, -1.000000, -0.000000), (1.900000, -0.951057, -0.154508), (1.900000, -0.809017, -0.293893), (1.900000, -0.587785, -0.404508), (1.900000, -0.309017, -0.475528), (1.900000, -0.000000, -0.500000), (1.900000, 0.309017, -0.475528), (1.900000, 0.587785, -0.404508), (1.900000, 0.809017, -0.293893), (1.900000, 0.951057, -0.154508), (1.900000, 1.000000, -0.000000), (1.900000, 0.951057, 0.154508), (1.900000, 0.809017, 0.293893), (1.900000, 0.587785, 0.404508), (1.900000, 0.309017, 0.475528), (1.900000, -0.000000, 0.500000), (1.900000, -0.309017, 0.475528), (1.900000, -0.587785, 0.404508), (1.900000, -0.809017, 0.293893), (1.900000, -0.951057, 0.154508), (1.900000, -1.000000, -0.000000), (1.900000, -0.951057, -0.154508), (1.900000, -0.809017, -0.293893), (1.900000, -0.587785, -0.404508), (1.900000, -0.309017, -0.475528), (1.900000, -0.000000, -0.500000), (1.900000, 0.309017, -0.475528), (1.900000, 0.587785, -0.404508), (1.900000, 0.809017, -0.293893), (1.900000, 0.951057, -0.154508), (2.000000, 0.994987, -0.000000), (2.000000, 0.946289, 0.153734), (2.000000, 0.804962, 0.292419), (2.000000, 0.584839, 0.402481), (2.000000, 0.307468, 0.473145), (2.000000, -0.000000, 0.497494), (2.000000, -0.307468, 0.473145), (2.000000, -0.584839, 0.402481), (2.000000, -0.804962, 0.292419), (2.000000, -0.946289, 0.153734), (2.000000, -0.994987, -0.000000), (2.000000, -0.946289, -0.153734), (2.000000, -0.804962, -0.292419), (2.000000, -0.584839, -0.402481), (2.000000, -0.307468, -0.473145), (2.000000, -0.000000, -0.497494), (2.000000, 0.307468, -0.473145), (2.000000, 0.584839, -0.402481), (2.000000, 0.804962, -0.292419), (2.000000, 0.946289, -0.153734), (2.100000, 0.979796, -0.000000), (2.100000, 0.931841, 0.151387), (2.100000, 0.792672, 0.287955), (2.100000, 0.575910, 0.396336), (2.100000, 0.302774, 0.465921), (2.100000, -0.000000, 0.489898), (2.100000, -0.302774, 0.465921), (2.100000, -0.575910, 0.396336), (2.100000, -0.792672, 0.287955), (2.100000, -0.931841, 0.151387), (2.100000, -0.979796, -0.000000), (2.100000, -0.931841, -0.151387), (2.100000, -0.792672, -0.287955), (2.100000, -0.575910, -0.396336), (2.100000, -0.302774, -0.465921), (2.100000, -0.000000, -0.489898), (2.100000, 0.302774, -0.465921), (2.100000, 0.575910, -0.396336), (2.100000, 0.792672, -0.287955), (2.100000, 0.931841, -0.151387), (2.200000, 0.953939, -0.000000), (2.200000, 0.907250, 0.147392), (2.200000, 0.771753, 0.280356), (2.200000, 0.560711, 0.385877), (2.200000, 0.294783, 0.453625), (2.200000, -0.000000, 0.476970), (2.200000, -0.294783, 0.453625), (2.200000, -0.560711, 0.385877), (2.200000, -0.771753, 0.280356), (2.200000, -0.907250, 0.147392), (2.200000, -0.953939, -0.000000), (2.200000, -0.907250, -0.147392), (2.200000, -0.771753, -0.280356), (2.200000, -0.560711, -0.385877), (2.200000, -0.294783, -0.453625), (2.200000, -0.000000, -0.476970), (2.200000, 0.294783, -0.453625), (2.200000, 0.560711, -0.385877), (2.200000, 0.771753, -0.280356), (2.200000, 0.907250, -0.147392), (2.300000, 0.916515, -0.000000), (2.300000, 0.871658, 0.141609), (2.300000, 0.741476, 0.269357), (2.300000, 0.538714, 0.370738), (2.300000, 0.283219, 0.435829), (2.300000, -0.000000, 0.458258), (2.300000, -0.283219, 0.435829), (2.300000, -0.538714, 0.370738), (2.300000, -0.741476, 0.269357), (2.300000, -0.871658, 0.141609), (2.300000, -0.916515, -0.000000), (2.300000, -0.871658, -0.141609), (2.300000, -0.741476, -0.269357), (2.300000, -0.538714, -0.370738), (2.300000, -0.283219, -0.435829), (2.300000, -0.000000, -0.458258), (2.300000, 0.283219, -0.435829), (2.300000, 0.538714, -0.370738), (2.300000, 0.741476, -0.269357), (2.300000, 0.871658, -0.141609), (2.400000, 0.866025, -0.000000), (2.400000, 0.823639, 0.133808), (2.400000, 0.700629, 0.254518), (2.400000, 0.509037, 0.350315), (2.400000, 0.267617, 0.411820), (2.400000, -0.000000, 0.433013), (2.400000, -0.267617, 0.411820), (2.400000, -0.509037, 0.350315), (2.400000, -0.700629, 0.254518), (2.400000, -0.823639, 0.133808), (2.400000, -0.866025, -0.000000), (2.400000, -0.823639, -0.133808), (2.400000, -0.700629, -0.254518), (2.400000, -0.509037, -0.350315), (2.400000, -0.267617, -0.411820), (2.400000, -0.000000, -0.433013), (2.400000, 0.267617, -0.411820), (2.400000, 0.509037, -0.350315), (2.400000, 0.700629, -0.254518), (2.400000, 0.823639, -0.133808), (2.500000, 0.800000, -0.000000), (2.500000, 0.760845, 0.123607), (2.500000, 0.647214, 0.235114), (2.500000, 0.470228, 0.323607), (2.500000, 0.247214, 0.380423), (2.500000, -0.000000, 0.400000), (2.500000, -0.247214, 0.380423), (2.500000, -0.470228, 0.323607), (2.500000, -0.647214, 0.235114), (2.500000, -0.760845, 0.123607), (2.500000, -0.800000, -0.000000), (2.500000, -0.760845, -0.123607), (2.500000, -0.647214, -0.235114), (2.500000, -0.470228, -0.323607), (2.500000, -0.247214, -0.380423), (2.500000, -0.000000, -0.400000), (2.500000, 0.247214, -0.380423), (2.500000, 0.470228, -0.323607), (2.500000, 0.647214, -0.235114), (2.500000, 0.760845, -0.123607), (2.600000, 0.714143, -0.000000), (2.600000, 0.679190, 0.110341), (2.600000, 0.577754, 0.209881), (2.600000, 0.419763, 0.288877), (2.600000, 0.220682, 0.339595), (2.600000, -0.000000, 0.357071), (2.600000, -0.220682, 0.339595), (2.600000, -0.419763, 0.288877), (2.600000, -0.577754, 0.209881), (2.600000, -0.679190, 0.110341), (2.600000, -0.714143, -0.000000), (2.600000, -0.679190, -0.110341), (2.600000, -0.577754, -0.209881), (2.600000, -0.419763, -0.288877), (2.600000, -0.220682, -0.339595), (2.600000, -0.000000, -0.357071), (2.600000, 0.220682, -0.339595), (2.600000, 0.419763, -0.288877), (2.600000, 0.577754, -0.209881), (2.600000, 0.679190, -0.110341), (2.700000, 0.600000, -0.000000), (2.700000, 0.570634, 0.092705), (2.700000, 0.485410, 0.176336), (2.700000, 0.352671, 0.242705), (2.700000, 0.185410, 0.285317), (2.700000, -0.000000, 0.300000), (2.700000, -0.185410, 0.285317), (2.700000, -0.352671, 0.242705), (2.700000, -0.485410, 0.176336), (2.700000, -0.570634, 0.092705), (2.700000, -0.600000, -0.000000), (2.700000, -0.570634, -0.092705), (2.700000, -0.485410, -0.176336), (2.700000, -0.352671, -0.242705), (2.700000, -0.185410, -0.285317), (2.700000, -0.000000, -0.300000), (2.700000, 0.185410, -0.285317), (2.700000, 0.352671, -0.242705), (2.700000, 0.485410, -0.176336), (2.700000, 0.570634, -0.092705), (2.800000, 0.435890, -0.000000), (2.800000, 0.414556, 0.067349), (2.800000, 0.352642, 0.128105), (2.800000, 0.256210, 0.176321), (2.800000, 0.134697, 0.207278), (2.800000, -0.000000, 0.217945), (2.800000, -0.134697, 0.207278), (2.800000, -0.256210, 0.176321), (2.800000, -0.352642, 0.128105), (2.800000, -0.414556, 0.067349), (2.800000, -0.435890, -0.000000), (2.800000, -0.414556, -0.067349), (2.800000, -0.352642, -0.128105), (2.800000, -0.256210, -0.176321), (2.800000, -0.134697, -0.207278), (2.800000, -0.000000, -0.217945), (2.800000, 0.134697, -0.207278), (2.800000, 0.256210, -0.176321), (2.800000, 0.352642, -0.128105), (2.800000, 0.414556, -0.067349), (2.900000, 0.000100, -0.000000), (2.900000, 0.000095, 0.000015), (2.900000, 0.000081, 0.000029), (2.900000, 0.000059, 0.000040), (2.900000, 0.000031, 0.000048), (2.900000, -0.000000, 0.000050), (2.900000, -0.000031, 0.000048), (2.900000, -0.000059, 0.000040), (2.900000, -0.000081, 0.000029), (2.900000, -0.000095, 0.000015), (2.900000, -0.000100, -0.000000), (2.900000, -0.000095, -0.000015), (2.900000, -0.000081, -0.000029), (2.900000, -0.000059, -0.000040), (2.900000, -0.000031, -0.000048), (2.900000, -0.000000, -0.000050), (2.900000, 0.000031, -0.000048), (2.900000, 0.000059, -0.000040), (2.900000, 0.000081, -0.000029), (2.900000, 0.000095, -0.000015), ], [(0, 1), (1, 2), (2, 3), (3, 4), (4, 5), (5, 6), (6, 7), (7, 8), (8, 9), (9, 10), (10, 11), (11, 12), (12, 13), (13, 14), (14, 15), (15, 16), (16, 17), (17, 18), (18, 19), (19, 0), (20, 21), (21, 22), (22, 23), (23, 24), (24, 25), (25, 26), (26, 27), (27, 28), (28, 29), (29, 30), (30, 31), (31, 32), (32, 33), (33, 34), (34, 35), (35, 36), (36, 37), (37, 38), (38, 39), (39, 20), (40, 41), (41, 42), (42, 43), (43, 44), (44, 45), (45, 46), (46, 47), (47, 48), (48, 49), (49, 50), (50, 51), (51, 52), (52, 53), (53, 54), (54, 55), (55, 56), (56, 57), (57, 58), (58, 59), (59, 40), (60, 61), (61, 62), (62, 63), (63, 64), (64, 65), (65, 66), (66, 67), (67, 68), (68, 69), (69, 70), (70, 71), (71, 72), (72, 73), (73, 74), (74, 75), (75, 76), (76, 77), (77, 78), (78, 79), (79, 60), (80, 81), (81, 82), (82, 83), (83, 84), (84, 85), (85, 86), (86, 87), (87, 88), (88, 89), (89, 90), (90, 91), (91, 92), (92, 93), (93, 94), (94, 95), (95, 96), (96, 97), (97, 98), (98, 99), (99, 80), (100, 101), (101, 102), (102, 103), (103, 104), (104, 105), (105, 106), (106, 107), (107, 108), (108, 109), (109, 110), (110, 111), (111, 112), (112, 113), (113, 114), (114, 115), (115, 116), (116, 117), (117, 118), (118, 119), (119, 100), (120, 121), (121, 122), (122, 123), (123, 124), (124, 125), (125, 126), (126, 127), (127, 128), (128, 129), (129, 130), (130, 131), (131, 132), (132, 133), (133, 134), (134, 135), (135, 136), (136, 137), (137, 138), (138, 139), (139, 120), (140, 141), (141, 142), (142, 143), (143, 144), (144, 145), (145, 146), (146, 147), (147, 148), (148, 149), (149, 150), (150, 151), (151, 152), (152, 153), (153, 154), (154, 155), (155, 156), (156, 157), (157, 158), (158, 159), (159, 140), (160, 161), (161, 162), (162, 163), (163, 164), (164, 165), (165, 166), (166, 167), (167, 168), (168, 169), (169, 170), (170, 171), (171, 172), (172, 173), (173, 174), (174, 175), (175, 176), (176, 177), (177, 178), (178, 179), (179, 160), (180, 181), (181, 182), (182, 183), (183, 184), (184, 185), (185, 186), (186, 187), (187, 188), (188, 189), (189, 190), (190, 191), (191, 192), (192, 193), (193, 194), (194, 195), (195, 196), (196, 197), (197, 198), (198, 199), (199, 180), (200, 201), (201, 202), (202, 203), (203, 204), (204, 205), (205, 206), (206, 207), (207, 208), (208, 209), (209, 210), (210, 211), (211, 212), (212, 213), (213, 214), (214, 215), (215, 216), (216, 217), (217, 218), (218, 219), (219, 200), (220, 221), (221, 222), (222, 223), (223, 224), (224, 225), (225, 226), (226, 227), (227, 228), (228, 229), (229, 230), (230, 231), (231, 232), (232, 233), (233, 234), (234, 235), (235, 236), (236, 237), (237, 238), (238, 239), (239, 220), (240, 241), (241, 242), (242, 243), (243, 244), (244, 245), (245, 246), (246, 247), (247, 248), (248, 249), (249, 250), (250, 251), (251, 252), (252, 253), (253, 254), (254, 255), (255, 256), (256, 257), (257, 258), (258, 259), (259, 240), (260, 261), (261, 262), (262, 263), (263, 264), (264, 265), (265, 266), (266, 267), (267, 268), (268, 269), (269, 270), (270, 271), (271, 272), (272, 273), (273, 274), (274, 275), (275, 276), (276, 277), (277, 278), (278, 279), (279, 260), (280, 281), (281, 282), (282, 283), (283, 284), (284, 285), (285, 286), (286, 287), (287, 288), (288, 289), (289, 290), (290, 291), (291, 292), (292, 293), (293, 294), (294, 295), (295, 296), (296, 297), (297, 298), (298, 299), (299, 280), (300, 301), (301, 302), (302, 303), (303, 304), (304, 305), (305, 306), (306, 307), (307, 308), (308, 309), (309, 310), (310, 311), (311, 312), (312, 313), (313, 314), (314, 315), (315, 316), (316, 317), (317, 318), (318, 319), (319, 300), (320, 321), (321, 322), (322, 323), (323, 324), (324, 325), (325, 326), (326, 327), (327, 328), (328, 329), (329, 330), (330, 331), (331, 332), (332, 333), (333, 334), (334, 335), (335, 336), (336, 337), (337, 338), (338, 339), (339, 320), (340, 341), (341, 342), (342, 343), (343, 344), (344, 345), (345, 346), (346, 347), (347, 348), (348, 349), (349, 350), (350, 351), (351, 352), (352, 353), (353, 354), (354, 355), (355, 356), (356, 357), (357, 358), (358, 359), (359, 340), (360, 361), (361, 362), (362, 363), (363, 364), (364, 365), (365, 366), (366, 367), (367, 368), (368, 369), (369, 370), (370, 371), (371, 372), (372, 373), (373, 374), (374, 375), (375, 376), (376, 377), (377, 378), (378, 379), (379, 360), (380, 381), (381, 382), (382, 383), (383, 384), (384, 385), (385, 386), (386, 387), (387, 388), (388, 389), (389, 390), (390, 391), (391, 392), (392, 393), (393, 394), (394, 395), (395, 396), (396, 397), (397, 398), (398, 399), (399, 380), (400, 401), (401, 402), (402, 403), (403, 404), (404, 405), (405, 406), (406, 407), (407, 408), (408, 409), (409, 410), (410, 411), (411, 412), (412, 413), (413, 414), (414, 415), (415, 416), (416, 417), (417, 418), (418, 419), (419, 400), (420, 421), (421, 422), (422, 423), (423, 424), (424, 425), (425, 426), (426, 427), (427, 428), (428, 429), (429, 430), (430, 431), (431, 432), (432, 433), (433, 434), (434, 435), (435, 436), (436, 437), (437, 438), (438, 439), (439, 420), (440, 441), (441, 442), (442, 443), (443, 444), (444, 445), (445, 446), (446, 447), (447, 448), (448, 449), (449, 450), (450, 451), (451, 452), (452, 453), (453, 454), (454, 455), (455, 456), (456, 457), (457, 458), (458, 459), (459, 440), (460, 461), (461, 462), (462, 463), (463, 464), (464, 465), (465, 466), (466, 467), (467, 468), (468, 469), (469, 470), (470, 471), (471, 472), (472, 473), (473, 474), (474, 475), (475, 476), (476, 477), (477, 478), (478, 479), (479, 460), (480, 481), (481, 482), (482, 483), (483, 484), (484, 485), (485, 486), (486, 487), (487, 488), (488, 489), (489, 490), (490, 491), (491, 492), (492, 493), (493, 494), (494, 495), (495, 496), (496, 497), (497, 498), (498, 499), (499, 480), (500, 501), (501, 502), (502, 503), (503, 504), (504, 505), (505, 506), (506, 507), (507, 508), (508, 509), (509, 510), (510, 511), (511, 512), (512, 513), (513, 514), (514, 515), (515, 516), (516, 517), (517, 518), (518, 519), (519, 500), (520, 521), (521, 522), (522, 523), (523, 524), (524, 525), (525, 526), (526, 527), (527, 528), (528, 529), (529, 530), (530, 531), (531, 532), (532, 533), (533, 534), (534, 535), (535, 536), (536, 537), (537, 538), (538, 539), (539, 520), (540, 541), (541, 542), (542, 543), (543, 544), (544, 545), (545, 546), (546, 547), (547, 548), (548, 549), (549, 550), (550, 551), (551, 552), (552, 553), (553, 554), (554, 555), (555, 556), (556, 557), (557, 558), (558, 559), (559, 540), (560, 561), (561, 562), (562, 563), (563, 564), (564, 565), (565, 566), (566, 567), (567, 568), (568, 569), (569, 570), (570, 571), (571, 572), (572, 573), (573, 574), (574, 575), (575, 576), (576, 577), (577, 578), (578, 579), (579, 560), (580, 581), (581, 582), (582, 583), (583, 584), (584, 585), (585, 586), (586, 587), (587, 588), (588, 589), (589, 590), (590, 591), (591, 592), (592, 593), (593, 594), (594, 595), (595, 596), (596, 597), (597, 598), (598, 599), (599, 580), (600, 601), (601, 602), (602, 603), (603, 604), (604, 605), (605, 606), (606, 607), (607, 608), (608, 609), (609, 610), (610, 611), (611, 612), (612, 613), (613, 614), (614, 615), (615, 616), (616, 617), (617, 618), (618, 619), (619, 600), (620, 621), (621, 622), (622, 623), (623, 624), (624, 625), (625, 626), (626, 627), (627, 628), (628, 629), (629, 630), (630, 631), (631, 632), (632, 633), (633, 634), (634, 635), (635, 636), (636, 637), (637, 638), (638, 639), (639, 620), ], [])

#Link the the collection to the scene
bpy.context.collection.objects.link(pc)

#make the mesh active
obj = bpy.data.objects['prokaryote_body']
bpy.context.view_layer.objects.active = bpy.data.objects['prokaryote_body']
 
#Set the scene
bpy.ops.object.mode_set(mode = 'EDIT')
bpy.ops.mesh.select_mode(type = 'VERT')
bpy.ops.mesh.select_all(action = 'DESELECT')
bpy.ops.object.mode_set(mode = 'OBJECT')

#Connect individual elipses
counter = 0
for i in range(0, 31):
	for j in range(counter,40 + counter):
		obj.data.edges[j].select = True
	counter += 20
bpy.ops.object.mode_set(mode = 'EDIT')
bpy.ops.mesh.bridge_edge_loops()
bpy.ops.mesh.select_all(action = 'DESELECT')
bpy.ops.object.mode_set(mode = 'OBJECT')

#make the mesh active
obj = bpy.data.objects['prokaryote_body']
bpy.context.view_layer.objects.active = bpy.data.objects['prokaryote_body']
 
#Set the scene
bpy.ops.object.mode_set(mode = 'EDIT')
bpy.ops.mesh.select_mode(type = 'VERT')
bpy.ops.mesh.select_all(action = 'DESELECT')
bpy.ops.object.mode_set(mode = 'OBJECT')

#Select all points on one side of cap and merge them
for i in range(0, 20):
    obj.data.vertices[i].select = True
bpy.ops.object.mode_set(mode = 'EDIT')
bpy.ops.mesh.merge(type = 'CENTER')
bpy.ops.mesh.select_all(action = 'DESELECT')
bpy.ops.object.mode_set(mode = 'OBJECT')

#Select all points on the other side and merge them
for i in range(601,621):
    obj.data.vertices[i].select = True
bpy.ops.object.mode_set(mode = 'EDIT')
bpy.ops.mesh.merge(type = 'CENTER')
bpy.ops.mesh.select_all(action = 'DESELECT')
bpy.ops.object.mode_set(mode = 'OBJECT')

#Smooth the surface
bpy.ops.object.voxel_remesh()
bpy.ops.object.quadriflow_remesh()
obj.select_set(True)
obj.data.use_auto_smooth = 1
obj.data.auto_smooth_angle = math.pi / 6
bpy.ops.object.shade_smooth()

#Prepare the mesh for matereial addition
bpy.ops.mesh.uv_texture_add()
#Add Subdivision modifier
bpy.ops.object.modifier_add(type = 'SUBSURF')
obj.modifiers['Subdivision'].levels = 3
obj.modifiers['Subdivision'].render_levels = 3

#Add Displace modifier
bpy.ops.object.modifier_add(type = 'DISPLACE')
obj.modifiers['Displace'].strength = 0.025
obj.modifiers['Displace'].mid_level = 0.000
texture = bpy.data.textures.new('Cloud', 'CLOUDS')
obj.modifiers['Displace'].texture = bpy.data.textures['Cloud']
#Add the material
mat = bpy.data.materials.new('prokaryote_material')
mat.use_nodes = True
mat.cycles.displacement_method = 'BOTH'
obj.data.materials.append(mat)

#Get the current nodesand links of the added material
context = bpy.context
nodes = context.active_object.active_material.node_tree.nodes
links = context.active_object.active_material.node_tree.links
base_node = nodes.get('Principled BSDF')
material_output = nodes.get('Material Output')

# Add base_color node
base_color = nodes.new('ShaderNodeTexImage')
base_color.location = (-600, 210)
base_color.label = 'base_color'
base_color.image = bpy.data.images.load('C:/Users/-/procedural/Assets/Scripts/Generate/Prokaryote/MaterialCreation/generated_maps/base_color_map.jpg')

# Add roughness node
roughness = nodes.new('ShaderNodeTexImage')
roughness.location = (-600, -80)
roughness.label = 'roughness'
roughness.image = bpy.data.images.load('C:/Users/-/procedural/Assets/Scripts/Generate/Prokaryote/MaterialCreation/generated_maps/roughness_map.jpg')

# Add textue coordinate node
texture_coordinate = nodes.new('ShaderNodeTexCoord')
texture_coordinate.location = (-1100, 100)
texture_coordinate.label = 'Texture Coordinate'
# Add mapping node
mapping = nodes.new('ShaderNodeMapping')
mapping.location = (-900, 100)
mapping.label = 'Mapping'

#Link the mapping to all input nodes
links.new(texture_coordinate.outputs[2], mapping.inputs[0])
links.new(mapping.outputs[0], base_color.inputs[0])
links.new(mapping.outputs[0], roughness.inputs[0])
#Link the individual nodes
links.new(base_color.outputs[0], base_node.inputs[0])
links.new(roughness.outputs[0], base_node.inputs[9])

bpy.ops.export_scene.obj(filepath = 'C:/Users/-/procedural/Assets/Scripts/Generate/Prokaryote/Meshes/general.obj')
